E = 
1.000000 1.000000 2.000000 2.000000 3.000000 3.000000 4.000000 4.000000 6.000000 6.000000 7.000000 7.000000 8.000000 8.000000 9.000000 9.000000 7.000000 2.000000 8.000000 3.000000 9.000000 4.000000 10.000000 5.000000 12.000000 7.000000 13.000000 8.000000 14.000000 9.000000 15.000000 10.000000 6.000000 7.000000 7.000000 8.000000 8.000000 9.000000 9.000000 10.000000 11.000000 12.000000 12.000000 13.000000 13.000000 14.000000 14.000000 15.000000 

X = 
0.000000 0.250000 0.500000 0.750000 1.000000 0.000000 0.250000 0.500000 0.750000 1.000000 0.000000 0.250000 0.500000 0.750000 1.000000 

Y = 
0.000000 0.500000 1.000000 0.000000 0.500000 1.000000 0.000000 0.500000 1.000000 0.000000 0.500000 1.000000 0.000000 0.500000 1.000000 

C = 
1.125000 0.000000 0.000000 0.000000 0.000000 -0.125000 -1.000000 0.000000 0.000000 0.000000 0.000000 0.000000 0.000000 0.000000 0.000000 0.000000 -2.500000 0.000000 0.000000 0.000000 0.000000 0.500000 2.000000 0.000000 0.000000 0.000000 0.000000 0.000000 0.000000 0.000000 0.000000 0.000000 0.500000 0.000000 0.000000 0.000000 0.000000 0.500000 -1.000000 0.000000 0.000000 0.000000 0.000000 0.000000 0.000000 0.000000 0.000000 0.000000 1.250000 0.000000 0.000000 0.000000 0.000000 -0.250000 -1.000000 0.000000 0.000000 0.000000 0.000000 0.000000 0.000000 0.000000 0.000000 0.000000 -0.250000 0.000000 0.000000 0.000000 0.000000 0.250000 0.000000 0.000000 0.000000 0.000000 0.000000 -0.125000 0.000000 0.000000 0.000000 0.000000 0.875000 0.000000 0.000000 0.000000 0.000000 0.250000 -1.000000 0.000000 0.000000 0.000000 -1.000000 0.500000 0.000000 0.000000 0.000000 0.000000 1.750000 0.000000 0.000000 0.000000 0.000000 -0.250000 -1.000000 0.000000 0.000000 0.000000 2.000000 0.500000 0.000000 0.000000 0.000000 0.000000 -5.000000 0.000000 0.000000 0.000000 0.000000 0.500000 2.000000 0.000000 0.000000 0.000000 -1.000000 -0.250000 0.000000 0.000000 0.000000 0.000000 1.750000 0.000000 0.000000 0.000000 0.000000 0.500000 -1.000000 0.000000 0.000000 0.000000 -1.000000 0.250000 0.000000 0.000000 0.000000 0.000000 0.875000 0.000000 0.000000 0.000000 0.000000 -0.125000 0.000000 0.000000 0.000000 0.000000 0.000000 0.250000 0.000000 0.000000 0.000000 0.000000 -0.250000 0.000000 0.000000 0.000000 0.000000 0.000000 0.000000 0.000000 0.000000 0.000000 -1.000000 -0.250000 0.000000 0.000000 0.000000 0.000000 1.250000 0.000000 0.000000 0.000000 0.000000 0.000000 0.000000 0.000000 0.000000 0.000000 -1.000000 0.500000 0.000000 0.000000 0.000000 0.000000 0.500000 0.000000 0.000000 0.000000 0.000000 0.000000 0.000000 0.000000 0.000000 0.000000 2.000000 0.500000 0.000000 0.000000 0.000000 0.000000 -2.500000 0.000000 0.000000 0.000000 0.000000 0.000000 0.000000 0.000000 0.000000 0.000000 -1.000000 -0.125000 0.000000 0.000000 0.000000 0.000000 1.125000 

T = 
0.020833 0.010417 0.010417 0.010417 0.010417 0.010417 0.010417 0.010417 0.010417 0.010417 0.010417 0.010417 0.010417 0.010417 0.010417 0.010417 0.020833 0.010417 0.010417 0.010417 0.010417 0.010417 0.010417 0.010417 0.010417 0.010417 0.010417 0.010417 0.010417 0.010417 0.010417 0.010417 0.020833 0.010417 0.010417 0.010417 0.010417 0.010417 0.010417 0.010417 0.010417 0.010417 0.010417 0.010417 0.010417 0.010417 0.010417 0.010417 0.020833 0.010417 0.010417 0.010417 0.010417 0.010417 0.010417 0.010417 0.010417 0.010417 0.010417 0.010417 0.010417 0.010417 0.010417 0.010417 0.020833 0.010417 0.010417 0.010417 0.010417 0.010417 0.010417 0.010417 0.010417 0.010417 0.010417 0.010417 0.010417 0.010417 0.010417 0.010417 0.020833 0.010417 0.010417 0.010417 0.010417 0.010417 0.010417 0.010417 0.010417 0.010417 0.010417 0.010417 0.010417 0.010417 0.010417 0.010417 0.020833 0.010417 0.010417 0.010417 0.010417 0.010417 0.010417 0.010417 0.010417 0.010417 0.010417 0.010417 0.010417 0.010417 0.010417 0.010417 0.020833 0.010417 0.010417 0.010417 0.010417 0.010417 0.010417 0.010417 0.010417 0.010417 0.010417 0.010417 0.010417 0.010417 0.010417 0.010417 0.020833 0.010417 0.010417 0.010417 0.010417 0.010417 0.010417 0.010417 0.010417 0.010417 0.010417 0.010417 0.010417 0.010417 0.010417 0.010417 0.020833 0.010417 0.010417 0.010417 0.010417 0.010417 0.010417 0.010417 0.010417 0.010417 0.010417 0.010417 0.010417 0.010417 0.010417 0.010417 0.020833 0.010417 0.010417 0.010417 0.010417 0.010417 0.010417 0.010417 0.010417 0.010417 0.010417 0.010417 0.010417 0.010417 0.010417 0.010417 0.020833 0.010417 0.010417 0.010417 0.010417 0.010417 0.010417 0.010417 0.010417 0.010417 0.010417 0.010417 0.010417 0.010417 0.010417 0.010417 0.020833 0.010417 0.010417 0.010417 0.010417 0.010417 0.010417 0.010417 0.010417 0.010417 0.010417 0.010417 0.010417 0.010417 0.010417 0.010417 0.020833 0.010417 0.010417 0.010417 0.010417 0.010417 0.010417 0.010417 0.010417 0.010417 0.010417 0.010417 0.010417 0.010417 0.010417 0.010417 0.020833 

V1 = 
0.000000 0.000000 0.000000 0.000000 0.000000 0.000000 0.000000 0.000000 0.000000 0.000000 0.000000 0.000000 0.000000 0.000000 0.000000 